quantum:0.866867
model:0.797164
energy:0.751903
magnetic:0.722924
field:0.710746
mass:0.68799
find:0.66022
results:0.655337
show:0.647066
phase:0.606534
present:0.595585
study:0.573957
observed:0.55581
state:0.536725
data:0.535262
density:0.530821
large:0.528595
high:0.523113
spin:0.516338
found:0.495321
states:0.491119
temperature:0.488692
system:0.479163
properties:0.470614
theory:0.463504
based:0.45772
order:0.454091
models:0.444628
due:0.432753
